2023-01-09, 10.0, 10.0, 10.0, 0.01
2023-01-11, 205.0, 55.0, 20.0, 45.08
2023-01-11, 200.0, 60.0, 15.0, 37.77
2023-01-11, 135.0, 20.0, 12.0, 3.80
2023-01-11, 255.0, 65.0, 25.0, 106.33
2023-01-11, 255.0, 60.0, 20.0, 81.02
2023-01-11, 255.0, 60.0, 23.0, 90.36
2023-01-11, 255.0, 60.0, 20.0, 81.02 {'8016002434'}
2023-01-11, 265.0, 60.0, 20.0, 88.29,4553245423
2023-01-11, None, None, None, 22.84,555555555
2023-01-11, 375, 90, 30, 437.17,333333333
2023-01-12, 205, 60, 15, 39.92,9999999999
2023-01-12, 205, 60, 15, 39.92,505 324-2124
